11
3.00e+12
1.4960e+11   1.5000e+11    0.0000e+00   2.9800e+04   5.9740e+24   earth.gif
2.2790e+11  -1.5000e+11    0.0000e+00   2.4100e+04   6.4190e+23   mars.gif
3.7900e+10   2.0000e+11    0.0000e+00   4.7900e+04   3.3020e+23   mercury.gif
0.0000e+00   0.0000e+00    0.0000e+00   0.0000e+00   1.9890e+30   sun.gif
2.0820e+11   0.5000e+11    0.0000e+00   3.5000e+04   4.8690e+24   venus.gif
7.7850e+11   3.5000e+11    0.0000e+00   1.3100e+04   1.8980e+27   jupiter.gif
1.4290e+12  -4.0000e+11    0.0000e+00   9.6900e+03   5.6830e+26   saturn.gif
1.0000e+12   4.5000e+11    0.0000e+00   6.8000e+03   8.6810e+25   uranus.gif
2.5040e+12  -5.0000e+11    0.0000e+00   5.4300e+03   1.0240e+26   neptune.gif
2.9130e+12   5.5000e+11    0.0000e+00   4.7400e+03   1.3030e+22   pluto.gif
8.0000e+11   3.0000e+00    0.0000e+00   0.0000e+00   1.0000e+30   blackhole.gif
